Data Size: 50
43 110 380 222 764 396 994 495 128 610 89 934 185 820 764 602 129 440 357 234 916 344 754 518 699 789 540 608 394 972 565 726 98 965 126 767 486 399 691 634 976 528 82 173 359 570 757 741 640 849

Data Size: 100
462 301 328 958 425 780 348 694 143 527 371 310 491 639 742 342 211 31 349 405 281 478 531 72 60 115 664 881 216 765 544 8 389 924 725 683 729 640 609 229 919 374 444 426 99 488 430 730 997 93 326 427 280 827 14 187 115 170 780 903 683 468 129 469 984 249 16 309 740 802 554 462 683 431 234 559 722 481 296 875 677 968 902 502 403 582 349 647 985 510 464 582 546 588 537 743 992 765 896 292

Data Size: 200
21 377 265 109 395 123 816 745 379 518 19 681 845 369 375 904 961 449 497 517 975 499 334 666 757 43 772 316 565 497 408 942 497 449 539 797 967 525 870 468 723 149 711 444 815 72 286 303 941 960 185 150 627 35 518 78 589 296 687 217 981 304 982 552 51 693 303 457 667 982 402 628 497 434 212 139 665 470 622 765 870 38 262 246 146 713 446 590 92 522 321 489 985 754 185 619 568 266 216 999 429 136 496 408 858 647 925 11 983 668 933 926 362 815 295 574 27 239 693 738 833 353 168 884 926 289 660 722 901 59 166 746 328 246 271 199 239 872 632 656 443 903 31 474 696 412 466 513 151 363 841 609 268 865 70 736 918 889 179 349 91 943 274 250 202 255 412 24 622 174 164 649 173 350 542 73 683 718 548 149 600 45 58 962 936 152 801 140 550 443 379 33 469 270 271 251 365 995 309 748

Data Size: 300
253 48 999 887 560 80 399 950 753 421 7 976 465 851 336 465 29 769 576 258 548 171 31 942 855 466 50 329 411 201 138 586 62 913 229 299 208 177 163 630 118 996 55 84 28 640 234 333 632 32 32 418 943 218 682 992 449 725 111 662 338 911 527 112 3 140 438 784 819 305 830 903 234 428 779 192 746 903 54 805 880 240 96 516 352 624 38 253 478 764 45 542 910 965 667 749 800 113 737 350 458 383 436 33 208 458 446 338 433 57 269 27 852 267 498 627 333 901 615 766 71 533 219 888 695 828 414 646 873 122 941 165 564 109 1 150 603 489 207 485 863 213 49 455 229 844 844 788 137 279 106 156 702 930 1000 322 140 688 243 848 241 421 270 385 313 340 465 697 898 969 844 547 147 58 428 832 733 488 453 388 838 564 292 326 691 661 993 727 424 348 901 568 228 610 60 349 557 66 308 32 779 203 814 987 390 435 43 295 771 799 906 778 269 650 348 73 182 675 205 955 150 56 507 933 123 635 430 40 495 687 395 743 823 312 709 618 690 265 843 912 548 870 928 408 820 198 527 545 540 479 346 667 269 375 434 375 162 746 74 988 580 208 957 814 344 875 178 447 932 338 333 423 482 811 317 370 285 653 205 759 379 620 600 89 591 705 136 156 596 492 723 214 372 552 876 694 860 564 855 766

Data Size: 400
740 588 777 17 892 725 877 862 909 212 693 123 996 934 388 624 546 296 148 232 809 221 863 417 10 242 2 192 135 508 201 353 160 793 503 724 489 235 632 279 475 849 923 700 11 489 744 279 229 410 821 784 400 663 480 973 115 445 659 175 260 189 852 77 293 908 381 428 896 835 419 110 924 154 125 205 794 66 747 573 300 394 773 640 184 389 995 399 402 148 811 698 254 419 581 887 616 42 856 268 215 992 522 81 878 422 567 286 119 552 773 544 819 458 172 769 209 490 888 986 274 178 991 59 608 47 770 879 168 718 442 767 927 814 575 902 355 779 113 464 905 836 791 136 160 921 905 59 619 523 995 495 300 162 210 707 142 142 527 939 300 684 313 882 656 244 126 84 185 331 902 831 505 885 714 322 434 859 1000 413 273 450 215 52 661 570 204 676 937 572 192 652 643 835 406 847 196 65 543 947 901 374 123 70 751 453 402 970 500 152 792 334 155 905 707 39 712 721 712 670 727 123 542 886 494 781 669 341 768 914 859 845 766 618 508 226 347 399 344 555 2 473 961 159 802 274 730 435 302 638 225 26 451 38 935 172 527 273 991 293 957 130 983 810 962 252 723 661 96 307 194 279 797 384 558 231 710 995 531 889 486 955 226 953 330 344 117 704 411 480 659 317 907 949 930 9 87 754 928 924 854 989 979 911 8 751 502 822 835 385 1 485 444 636 638 275 778 194 782 608 966 82 957 553 64 278 769 732 485 286 508 378 986 809 5 579 952 264 659 473 154 798 745 888 290 492 145 622 974 172 528 684 142 832 906 494 591 694 464 357 470 403 56 972 136 215 768 222 309 650 155 485 630 317 935 186 90 803 110 792 94 869 745 312 554 77 343 312 446 828 393 761 206 779 729 479 89 973 843 657

Data Size: 500
996 55 907 865 282 612 62 495 658 567 405 766 537 145 361 960 326 820 310 131 928 935 568 892 179 630 484 892 855 129 562 63 270 940 878 241 516 327 364 335 362 964 30 532 794 539 516 592 636 502 911 96 462 732 772 711 616 474 735 288 932 92 61 960 483 593 968 385 474 390 333 237 404 125 433 240 81 123 849 809 352 329 530 532 69 553 832 495 411 625 84 786 661 757 987 654 511 808 83 659 108 564 326 1 197 199 267 697 805 435 666 524 614 434 525 346 234 322 61 528 90 370 400 29 329 556 452 251 153 942 707 165 470 58 466 723 825 321 703 162 778 34 191 945 25 359 455 656 72 741 188 451 188 427 294 331 780 506 773 51 65 636 24 455 978 961 499 315 60 256 79 555 920 996 215 571 679 848 199 705 577 34 510 985 735 597 706 206 516 745 185 853 560 508 944 425 595 500 93 852 991 662 60 389 982 54 960 724 13 709 213 387 927 125 934 250 395 889 89 714 32 313 669 110 665 139 762 191 880 978 504 56 117 602 410 469 889 282 527 181 876 462 91 439 973 559 696 258 754 401 617 342 780 478 925 332 562 783 78 363 839 57 110 686 70 246 758 377 270 487 875 49 575 479 70 447 889 913 213 470 848 752 707 148 164 72 857 957 842 714 900 587 340 621 53 852 255 242 546 77 254 917 286 71 676 637 551 910 695 631 501 946 291 560 963 763 718 629 655 845 834 512 686 754 400 47 700 688 855 248 142 154 72 619 535 987 811 718 671 911 407 476 104 522 179 78 92 943 240 897 730 175 30 246 131 447 913 429 106 395 265 912 4 458 365 507 283 699 22 257 442 730 150 889 143 972 774 474 797 318 357 157 808 943 377 566 920 407 151 489 461 217 833 567 77 61 140 828 572 727 425 699 158 985 143 561 549 804 656 965 648 418 808 176 120 738 727 335 289 938 137 604 925 288 45 457 325 387 802 730 937 523 579 942 77 107 440 165 238 857 638 153 870 477 492 911 724 686 389 595 40 353 732 83 124 706 149 842 325 456 16 756 101 305 678 943 568 549 472 135 642 944 549 408 48 960 498 540 406 980 475 120 492 491 815 216 191 60 522 969 512 507 927 684 162 59 190 75 526 500

Data Size: 1000
329 640 957 419 581 741 448 373 691 815 527 824 151 223 136 546 518 480 91 990 391 974 431 663 935 482 899 218 448 9 852 103 617 482 763 296 659 857 903 837 305 447 136 928 716 70 293 612 508 356 207 572 169 736 322 286 540 557 654 942 793 613 199 679 464 715 821 624 68 939 789 250 172 169 377 339 371 859 945 440 448 316 916 152 147 608 834 214 291 722 343 637 317 731 392 109 379 600 94 501 426 889 9 76 463 257 161 350 546 465 608 196 356 51 175 701 517 133 677 239 177 941 502 788 219 382 808 561 402 200 620 941 54 550 124 175 529 622 213 788 531 191 653 531 964 920 453 71 639 304 561 123 177 541 76 995 947 463 699 816 792 631 805 10 626 95 62 353 245 791 664 208 894 474 830 305 463 653 178 589 112 299 265 732 162 607 939 468 224 19 516 140 323 424 327 600 243 239 314 999 532 869 800 54 169 527 710 313 977 966 615 203 288 276 173 740 591 49 359 947 660 601 839 760 29 869 478 445 648 348 846 1 315 131 824 576 733 89 302 146 702 928 574 844 651 904 938 71 781 938 274 547 192 564 172 190 528 649 80 20 404 273 854 400 895 662 953 572 961 467 718 435 716 534 408 290 638 157 976 335 970 682 428 462 826 864 16 948 957 44 544 961 699 414 548 465 722 749 974 2 446 828 321 441 586 707 314 854 348 334 793 652 386 532 520 58 691 193 262 300 973 382 194 204 801 476 443 232 84 818 122 644 629 549 431 57 87 689 553 223 166 860 764 937 108 55 79 471 680 128 711 111 693 252 357 222 249 608 643 995 978 841 13 445 746 953 185 908 58 237 203 43 196 606 936 233 718 911 864 519 758 245 378 701 420 940 417 232 776 786 115 94 725 240 206 394 552 260 90 920 772 74 948 585 920 438 288 348 838 44 864 516 562 283 113 536 660 350 994 497 393 837 21 886 661 352 391 32 502 265 866 231 307 276 985 663 284 617 743 19 502 619 131 781 889 61 82 738 418 716 178 39 513 341 129 117 829 19 248 813 445 1000 24 772 659 456 516 319 34 687 666 963 211 923 314 235 871 788 33 334 378 564 107 80 762 837 650 641 140 255 707 978 977 76 406 876 966 395 515 153 343 378 369 288 235 734 15 76 555 899 901 358 357 272 284 974 90 703 579 888 46 45 827 554 250 64 771 729 669 277 366 125 393 292 131 16 752 225 156 950 777 277 300 774 591 743 315 596 521 216 183 680 323 960 533 824 903 367 381 925 674 979 105 575 901 449 684 314 462 731 745 956 610 247 588 825 437 532 86 251 534 654 737 139 798 226 201 293 937 31 6 223 357 298 538 727 28 959 835 360 454 445 131 479 990 946 323 814 626 202 27 325 611 898 431 88 845 467 234 46 285 579 689 436 244 422 41 94 226 997 874 191 289 199 914 845 932 567 633 667 158 31 936 162 16 852 690 734 279 112 569 27 159 94 707 863 476 618 157 594 127 722 784 368 930 186 465 625 158 682 668 614 464 684 472 30 534 137 369 220 306 859 973 922 203 622 187 937 706 507 652 878 919 55 248 294 715 166 491 305 157 633 78 455 422 603 670 138 183 200 794 901 190 754 289 506 749 341 149 581 209 797 99 197 256 310 98 207 94 871 405 100 713 372 486 468 943 930 959 943 899 773 989 629 95 186 853 271 550 140 416 586 235 569 169 563 552 542 107 755 876 808 257 247 883 322 860 389 275 278 29 106 768 769 84 265 968 713 810 264 251 701 384 966 948 634 252 21 459 182 99 290 413 802 468 34 81 514 26 488 304 511 858 619 11 174 818 212 988 169 622 972 883 9 3 829 38 414 790 992 633 263 509 513 589 410 646 853 885 97 40 50 920 418 997 919 754 959 164 384 56 619 181 396 991 20 231 335 571 505 450 417 314 995 194 530 335 399 265 835 748 406 318 556 711 265 940 269 885 323 9 324 715 638 886 228 54 202 366 320 60 404 871 438 981 862 657 544 340 683 980 22 978 997 421 197 655 667 435 816 704 502 218 561 210 697 713 799 227 877 590 380 994 556 914 9 794 945 201 510 731 431 341 335 687 638 517 966 60 255 568 304 382 247 441 933 669 422 504 451 579 680 299 996 274 660 814 106 810 719 701 494 952 710 526 678 617 925 792 501 285 724 961 353 407 764 10 429 933 154 190 342 651 201 417 485 444 798 104 459 253 897 176 416 419 184 378 647 839 527 552 563 977 424 841 86 120 870 341 349

